16 152
15 71
15 55
15 56
15 47
15 48
15 12
15 13
25 58
15 70
15 29
15 30
15 15
15 16
15 17
15 131
15 14
14 214
14 215
14 216
14 219
14 220
14 221
14 222
15 40
14 224
15 49
15 50
15 51
15 52
15 53
15 54
15 39
14 223
15 163
15 210
15 209
15 160
15 159
15 158
15 157
15 156
15 155
15 146
15 145
15 46
15 45
15 44
15 43
15 132
15 128
15 177
15 178
15 142
15 143
15 144
15 129
15 42
15 147
15 148
15 149
15 150
15 151
15 152
15 138
15 41
15 130
19 196
19 195
20 42
20 41
20 40
20 39
20 38
19 189
19 188
19 187
19 228
20 37
20 36
20 45
20 44
14 213
14 192
14 193
14 194
14 179
14 180
14 181
14 182
20 43
14 200
14 201
14 202
14 187
14 188
14 189
14 190
14 191
14 183
14 212
14 211
14 226
14 225
15 36
15 35
15 34
15 33
15 32
15 31
14 218
14 217
15 28
15 27
15 26
19 197
19 182
19 183
19 184
19 185
19 186
19 203
19 204
15 25
19 190
19 191
19 192
19 193
19 194
15 37
15 38
15 24
19 205
19 172
19 171
19 154
19 153
19 152
19 151
19 150
19 165
19 164
19 163
19 210
19 209
19 208
19 207
19 206
15 164
15 219
15 220
15 221
15 222
15 223
15 225
15 226
19 157
19 212
19 198
19 199
19 200
19 201
19 202
19 155
19 156
19 211
25 57
25 56
25 55
25 64
25 63
25 62
25 61
25 60
25 59
16 43
16 42
16 41
16 40
16 39
16 38
19 173
19 158
19 159
19 160
19 161
19 162
16 36
16 37
25 66
16 44
16 45
16 31
16 32
16 33
16 34
16 35
25 65
16 16
15 198
15 197
15 196
15 195
15 192
15 191
15 190
15 189
15 188
15 187
15 170
15 169
15 184
15 183
15 182
15 218
15 165
15 166
15 167
15 168
15 153
15 154
15 171
15 181
15 173
15 174
15 175
15 176
15 161
15 162
15 179
15 180
15 172
15 217
25 75
25 162
25 161
25 160
15 224
25 72
25 71
25 70
25 69
25 68
25 67
25 76
15 202
15 201
15 199
15 200
15 185
15 186
15 203
15 204
15 205
15 206
15 216
15 208
15 193
15 194
15 211
15 212
15 213
15 214
15 215
15 207
13 188
13 187
13 234
13 185
13 184
13 183
13 182
13 181
13 180
13 179
13 226
13 239
13 238
13 237
13 236
14 239
13 169
13 154
13 155
13 156
13 157
13 158
13 159
13 235
13 227
13 228
13 229
13 230
13 231
13 232
13 233
13 218
13 160
13 221
13 220
13 219
14 28
13 217
13 216
13 215
13 214
13 213
13 212
13 211
14 20
14 35
14 34
14 33
13 189
13 190
13 191
13 192
13 193
13 178
14 21
14 22
14 32
14 24
14 25
14 26
14 27
14 12
14 29
14 30
14 31
14 23
25 210
13 176
13 175
13 174
13 173
13 172
13 171
13 170
25 202
13 168
13 167
13 166
13 165
13 164
13 163
13 202
13 134
13 41
13 42
13 140
13 141
13 142
13 143
13 162
13 50
13 35
13 36
13 37
13 38
13 39
13 40
13 177
13 49
13 200
13 201
13 186
13 203
13 204
13 205
13 206
25 195
13 208
13 209
13 194
13 161
13 150
13 151
13 152
13 153
13 207
25 196
25 197
25 198
25 199
25 200
25 201
25 203
13 199
25 206
25 207
25 208
25 209
13 195
13 196
13 197
13 198
25 205
14 153
14 152
14 199
14 198
14 197
14 196
14 195
14 210
14 209
14 208
25 175
25 174
25 173
25 172
25 171
13 222
25 169
25 170
14 171
14 172
14 173
14 174
14 175
25 186
25 178
25 163
25 164
25 165
25 166
25 167
25 184
25 185
25 176
14 238
14 237
14 236
14 235
14 186
14 185
14 184
14 231
14 229
14 228
14 227
14 159
14 158
14 157
14 156
14 154
14 203
14 204
14 205
14 206
14 207
14 160
14 161
14 155
14 147
14 148
14 149
14 150
14 151
14 168
14 169
14 170
14 162
14 19
14 18
14 17
14 16
14 15
14 14
14 13
14 57
14 56
14 55
14 54
14 53
14 52
14 50
14 49
25 168
13 223
13 224
13 225
13 210
14 51
14 36
14 37
14 48
14 39
14 40
14 41
14 42
14 44
14 45
14 46
14 47
14 38
14 43
14 139
14 140
14 141
14 142
14 143
14 144
25 192
14 176
14 177
14 178
14 163
14 164
14 165
14 166
14 167
14 145
25 193
25 194
25 179
25 180
25 181
25 182
25 183
14 138
25 187
25 188
25 189
25 190
25 191
14 146
14 131
14 132
14 130
24 50
24 49
18 152
18 151
18 150
18 149
18 148
18 147
18 146
18 145
18 77
18 76
18 75
18 74
18 73
25 45
18 58
18 43
18 44
18 45
18 46
18 47
18 48
18 72
18 51
18 52
18 53
18 54
18 55
18 56
18 57
18 71
18 49
18 173
18 172
18 171
18 170
18 169
18 168
18 167
18 166
18 165
18 164
18 163
18 162
18 161
24 70
24 69
24 51
24 52
24 53
24 54
24 55
24 56
24 57
24 58
24 68
24 60
24 61
24 62
24 63
24 64
24 65
24 66
24 67
24 59
23 198
17 186
17 185
17 200
17 199
17 198
17 197
17 196
17 195
18 36
18 35
17 192
17 191
17 190
17 189
24 73
17 163
17 164
17 165
17 166
17 167
17 168
17 153
17 188
18 34
18 37
18 38
18 39
18 40
18 41
18 42
17 187
17 154
24 72
24 71
18 50
19 56
19 55
19 54
19 53
19 52
19 51
19 50
19 49
19 149
19 148
19 147
19 146
23 199
23 200
23 185
23 186
23 187
23 188
23 189
19 140
19 145
23 193
23 194
23 195
23 196
23 197
19 142
19 143
19 144
19 141
36 180
36 179
22 171
22 170
22 169
22 168
22 167
22 182
22 181
22 163
22 162
22 161
22 160
22 159
22 174
18 174
18 188
18 189
22 156
22 157
22 158
22 146
22 147
22 173
22 165
22 179
22 151
22 152
22 153
22 154
22 155
22 172
22 164
35 181
35 180
35 179
35 178
35 177
35 176
35 187
35 186
34 191
34 190
34 189
34 188
34 187
34 186
34 185
36 184
19 59
22 184
22 185
22 186
22 187
22 75
22 62
34 184
22 183
22 65
22 66
22 70
22 71
22 72
22 73
22 74
22 63
18 208
18 207
18 206
18 205
18 204
18 203
18 202
18 185
18 200
18 199
18 198
18 197
18 196
18 195
18 194
18 187
18 175
18 176
18 177
18 178
18 179
18 180
18 181
18 78
18 183
18 184
18 139
18 140
18 141
18 142
18 143
18 144
18 182
23 209
23 210
19 36
19 37
19 38
19 39
19 40
18 193
19 42
19 43
19 44
19 45
19 46
19 47
19 48
18 186
18 229
18 209
18 210
18 211
18 212
18 213
18 214
18 201
24 45
18 154
18 155
18 156
18 157
18 158
18 159
18 160
18 230
18 153
23 192
23 190
23 173
23 172
23 171
23 170
23 169
23 184
23 183
23 182
19 178
19 177
19 176
19 175
19 174
17 210
16 189
16 190
16 191
16 192
16 177
16 178
19 179
23 176
19 181
19 166
19 167
19 168
19 169
19 170
23 174
23 175
19 180
24 185
16 212
16 211
16 210
16 209
16 204
16 203
16 202
16 201
16 216
16 215
16 214
16 213
16 196
16 195
23 177
23 178
23 179
23 180
23 181
16 197
16 198
16 199
16 194
24 206
24 207
24 208
16 205
16 206
16 207
16 208
16 193
16 200
16 157
16 156
16 155
16 143
16 151
16 150
16 149
16 148
16 147
16 186
16 185
16 144
16 54
16 72
16 49
16 188
22 166
25 46
25 47
16 50
16 51
16 52
16 53
16 48
25 52
25 53
25 54
16 55
16 56
16 70
16 46
16 47
25 51
16 172
16 173
16 174
16 175
16 176
16 161
16 162
16 158
16 180
16 181
16 182
16 183
16 184
16 169
16 170
16 187
16 179
16 159
16 160
16 145
16 146
24 213
24 214
24 215
16 171
16 154
16 163
16 164
16 165
16 166
16 167
16 168
16 217
16 153
24 163
24 162
24 161
17 170
17 169
17 184
17 183
17 182
17 181
17 180
17 179
17 162
17 161
17 176
17 175
24 186
17 150
17 151
17 152
17 139
17 140
17 44
17 45
17 174
17 47
17 48
17 49
17 145
17 146
17 171
17 172
17 173
17 46
17 209
17 160
17 159
17 158
17 157
17 156
17 155
17 202
17 201
17 215
17 214
17 213
17 212
17 211
17 194
24 164
17 177
17 178
24 169
24 170
24 171
24 172
24 157
17 193
24 159
24 160
17 203
17 204
17 205
17 206
17 207
17 208
24 158
17 53
17 52
24 200
24 199
24 198
24 197
24 212
24 211
24 210
24 209
24 192
24 191
24 190
24 189
24 204
17 149
24 187
24 188
17 34
17 35
17 36
17 37
24 193
24 203
24 195
24 196
24 181
24 182
24 183
24 184
24 201
24 202
24 194
24 179
24 180
24 165
24 166
24 167
24 168
17 141
17 54
17 143
17 144
24 173
24 174
24 175
24 176
17 147
17 148
17 142
17 55
17 56
17 42
17 43
17 71
17 72
17 50
24 178
17 73
17 38
17 39
17 40
17 41
17 32
17 33
24 177
17 51
9 188
9 187
9 186
9 185
9 184
9 182
9 181
9 180
9 176
9 191
9 175
9 174
9 173
9 170
9 169
13 133
21 37
21 38
21 39
21 40
21 42
21 75
21 44
9 183
21 46
21 47
21 48
21 49
21 50
28 49
28 47
28 48
21 45
27 207
9 223
9 222
9 221
9 220
9 219
9 218
9 217
9 216
9 215
9 214
9 213
9 212
9 209
9 208
9 189
9 190
9 192
9 193
9 194
9 195
9 196
9 197
9 207
9 199
9 200
9 201
9 202
9 203
9 204
9 205
9 206
9 198
29 49
28 208
28 207
28 206
28 205
28 204
28 203
28 202
22 199
22 214
22 213
22 212
22 211
22 210
22 209
21 69
22 192
22 193
22 194
22 195
22 196
22 197
22 198
22 208
22 200
22 201
22 202
22 203
22 204
22 205
22 206
22 191
21 154
21 82
21 81
21 80
21 79
21 78
21 77
21 76
22 207
22 216
22 215
21 74
21 73
21 72
21 71
21 70
29 197
9 48
28 192
28 193
28 200
28 201
28 187
28 199
28 189
28 190
28 191
28 194
28 195
28 196
28 197
28 198
28 188
27 46
10 143
10 142
10 141
10 140
10 139
10 170
26 207
26 206
26 205
26 204
26 213
26 212
10 137
10 136
27 192
23 54
23 55
23 56
23 57
23 44
23 45
27 58
10 23
27 179
27 180
10 138
10 65
10 59
10 20
10 21
10 22
27 59
10 200
20 213
20 212
20 211
20 210
20 209
20 208
20 207
23 69
23 68
23 67
23 66
23 74
23 61
23 60
27 48
27 49
10 164
27 57
23 62
23 63
23 64
23 65
23 59
23 51
23 52
23 53
23 70
23 71
23 72
23 73
23 58
23 50
10 37
10 36
10 19
10 18
10 17
10 16
9 225
9 224
10 15
10 14
10 13
10 12
27 210
27 209
27 208
21 59
27 193
27 194
27 195
27 196
27 197
27 198
27 200
9 229
27 202
27 203
27 204
27 205
27 206
9 226
9 227
9 228
27 201
21 55
21 56
21 57
21 58
21 43
21 60
21 61
10 38
21 63
21 64
21 65
21 51
23 46
23 47
23 48
23 49
21 62
10 39
10 24
10 25
10 26
10 27
10 40
10 32
21 54
10 35
27 199
27 188
27 189
27 190
27 191
21 52
21 53
10 34
33 174
33 184
33 183
33 182
33 181
33 180
6 187
33 176
33 175
32 187
6 194
6 193
6 192
6 191
6 190
21 146
6 185
6 186
34 176
34 177
34 178
34 179
34 180
6 189
34 182
34 183
32 188
32 189
32 179
32 180
32 181
6 188
34 181
32 182
32 174
7 189
7 188
7 181
7 192
7 191
7 190
22 55
22 54
21 201
21 200
21 199
21 198
21 197
22 43
22 44
22 45
22 48
22 49
22 50
22 51
22 52
21 196
22 56
22 57
22 58
22 59
22 60
22 61
22 46
22 47
22 53
23 205
23 204
23 203
19 71
19 79
19 78
19 77
19 76
19 75
19 61
19 60
35 182
19 58
19 57
19 72
6 184
23 202
22 64
36 185
22 150
22 149
22 148
22 188
19 41
22 190
22 175
22 176
22 177
22 178
18 190
18 191
18 192
22 189
5 193
35 188
35 189
33 188
33 189
33 190
33 191
23 206
33 178
33 179
33 185
33 186
33 187
34 175
6 182
6 183
33 177
23 207
23 208
19 73
19 74
23 211
23 212
23 213
5 192
23 215
23 216
23 201
22 69
35 183
35 184
35 185
5 191
23 214
8 194
8 193
8 192
8 191
8 190
8 188
8 187
8 186
8 185
8 184
8 183
8 182
21 153
21 152
21 151
32 183
21 192
21 193
21 178
21 179
21 180
21 181
21 143
21 150
21 145
21 186
21 187
21 188
21 189
21 147
21 148
21 149
21 144
21 161
21 160
21 159
21 158
21 157
21 156
21 155
9 15
8 218
8 222
29 198
29 196
29 195
29 194
29 193
8 195
8 196
8 181
8 198
8 199
8 200
8 201
8 202
29 192
8 204
8 189
30 172
8 205
8 206
8 207
8 208
8 197
8 203
21 212
21 195
21 194
21 209
21 208
21 207
21 206
21 205
21 204
7 187
7 186
7 185
7 184
7 183
7 182
21 191
32 184
32 185
32 186
32 173
31 189
31 190
31 182
8 46
31 183
31 184
31 185
31 186
31 187
31 188
8 44
8 45
31 172
21 164
21 165
30 171
30 187
30 188
8 179
8 180
21 213
21 182
21 183
21 185
21 170
21 171
21 172
21 173
21 190
8 169
21 214
21 215
21 216
21 202
21 203
21 166
21 167
21 163
21 169
21 210
21 211
21 174
21 175
21 176
21 177
21 162
21 168
12 177
12 176
12 175
12 174
12 173
12 172
26 47
20 79
20 78
20 142
20 141
20 140
23 167
23 166
23 165
10 201
12 37
23 160
23 152
20 167
20 168
23 168
23 153
23 164
23 155
23 156
23 157
23 158
23 159
23 161
23 162
23 163
23 154
12 158
12 157
12 156
12 155
12 154
12 153
12 163
12 162
12 211
12 210
12 209
12 208
12 207
12 206
12 205
26 54
26 55
26 56
26 45
26 46
26 61
26 62
26 63
12 204
26 69
26 70
26 71
26 72
26 57
26 58
26 59
26 60
26 64
12 46
12 45
12 44
12 43
12 42
12 41
12 40
12 39
12 38
11 210
11 225
11 224
11 223
11 222
11 221
12 36
12 24
12 25
12 26
12 27
12 28
12 29
12 14
11 220
11 212
11 213
11 214
11 215
11 216
11 217
12 22
11 219
11 211
26 66
26 67
26 68
12 135
12 140
12 141
12 142
12 47
12 132
12 133
12 30
12 31
12 32
12 33
12 34
12 35
12 143
12 48
12 50
12 51
12 52
12 53
12 54
12 55
26 65
12 57
12 58
12 59
12 13
11 242
11 243
26 73
26 74
12 56
20 48
20 47
20 46
13 26
13 25
13 24
13 23
13 22
13 21
13 20
13 19
13 18
13 17
13 16
13 15
12 159
12 233
12 234
12 235
13 57
13 43
13 44
13 45
13 14
13 47
13 48
13 51
13 52
13 53
13 54
13 55
13 56
13 46
13 132
13 131
13 144
25 214
25 213
25 212
25 211
20 74
20 73
20 72
20 71
20 70
19 230
19 229
20 69
20 49
20 51
20 53
20 54
20 55
20 56
20 57
20 58
20 65
20 60
20 61
20 75
20 76
20 77
20 62
20 63
20 64
20 59
12 197
12 196
12 195
12 194
12 193
12 192
12 191
12 190
12 189
12 188
12 187
12 186
12 185
12 184
12 183
12 232
12 160
12 161
12 178
12 179
12 164
12 165
12 166
12 182
12 168
12 236
12 237
12 238
12 239
12 240
12 180
12 181
12 167
12 216
12 217
12 218
12 219
12 220
12 221
12 222
12 198
12 224
12 225
12 226
12 227
12 228
12 229
12 230
12 231
12 223
12 199
12 200
12 201
12 202
12 203
13 27
13 28
12 215
13 30
13 31
13 32
13 33
13 34
12 212
12 213
12 214
13 29
11 51
11 50
10 242
10 241
11 42
11 41
11 37
11 36
11 35
11 34
11 33
10 217
10 216
10 215
10 214
12 23
11 18
11 19
11 20
11 21
11 22
10 218
10 219
10 213
10 205
10 206
10 207
10 208
10 209
10 226
10 227
10 212
10 204
11 137
20 192
20 191
20 206
20 205
20 204
20 203
20 202
20 201
20 184
20 183
20 198
20 197
20 196
20 195
10 239
10 240
20 177
20 178
20 180
20 181
20 182
20 228
20 194
20 186
20 187
20 188
20 189
20 190
20 175
20 176
20 193
20 185
10 235
10 234
26 199
26 198
26 197
26 196
26 211
26 210
26 209
26 208
26 191
26 190
26 189
26 188
26 203
11 17
10 202
10 203
10 188
10 189
10 190
10 191
26 192
26 202
26 194
26 195
10 196
10 197
10 198
10 199
26 200
26 201
26 193
10 177
10 192
10 193
10 194
10 195
10 180
10 181
10 220
10 183
11 23
11 24
11 14
11 15
11 16
10 210
10 211
10 182
10 221
10 222
10 223
10 224
10 225
10 178
10 179
10 176
10 229
10 230
10 232
10 233
10 184
10 185
10 186
10 187
10 228
11 232
11 231
11 230
11 229
11 228
11 227
26 187
26 183
11 202
26 179
11 194
11 209
11 208
11 207
11 206
11 58
20 171
20 172
20 173
20 174
20 159
20 160
11 195
11 205
11 197
11 198
11 199
11 200
11 201
11 186
11 203
11 204
11 196
12 21
12 20
12 19
12 18
12 17
12 16
12 15
11 178
11 193
11 192
11 191
11 190
11 189
11 188
11 187
11 233
11 218
11 235
11 236
11 237
11 238
11 239
11 240
11 234
11 226
11 179
11 180
11 181
11 182
11 183
11 184
11 185
11 241
11 160
11 159
11 158
11 157
11 156
26 182
26 181
26 180
11 148
11 147
11 29
11 28
11 27
11 26
11 25
20 170
11 59
11 60
11 61
11 134
11 135
11 136
11 30
11 40
11 32
11 138
11 139
11 140
11 141
11 142
11 38
11 39
11 31
20 153
20 154
20 155
20 156
20 157
20 158
20 143
11 161
20 161
20 163
20 164
20 165
20 166
20 151
20 152
20 169
20 144
11 177
11 162
11 163
11 164
11 165
11 166
11 167
20 200
11 176
20 145
20 146
20 147
20 148
20 149
20 150
20 199
11 173
22 180
12 134
20 50
21 184
31 171
21 41
25 204
20 179
20 52
16 127
24 205
23 191
16 71
20 162
27 47
36 181
26 177
17 70
26 176
12 49
15 139
14 129
30 195
23 151
9 50
11 43
15 137
16 73
36 178
11 133
29 199
29 207
9 17
28 209
14 230
10 33
36 182
11 0
19 139
7 180
5 196
19 70
18 33
10 169
12 152
36 187
15 234
29 172
18 231
9 16
34 174
11 1
9 179
19 35
26 49
13 139
26 178
20 229
20 80
17 78
16 15
36 183
27 187
26 175
13 130
13 240
35 190
12 243
10 165
9 14
27 178
10 175
33 166
28 175
12 169
15 237
10 31
12 241
12 3
22 76
33 167
30 49
10 238
15 72
12 242
11 143
16 29
26 53
10 231
24 76
26 50
9 210
33 173
11 168
8 219
10 135
31 49
14 234
22 145
12 171
15 235
25 73
13 13
16 14
32 175
9 211
24 48
12 4
16 13
28 172
31 170
11 2
17 216
12 144
31 173
17 57
8 217
37 180
30 186
11 146
25 50
15 57
23 150
26 44
12 60
30 170
19 62
33 192
7 179
24 46
12 10
14 128
26 186
26 184
15 127
29 48
14 137
7 197
32 190
24 47
25 77
17 231
5 197
32 170
18 79
14 240
37 181
11 155
32 171
10 144
9 177
12 131
14 58
15 18
19 34
11 47
15 23
15 140
35 175
7 198
31 181
13 64
27 61
11 54
36 188
10 134
11 52
16 30
29 173
36 189
23 43
9 46
12 170
16 28
7 206
25 44
21 142
13 58
7 200
10 145
13 109
14 133
21 83
26 48
20 35
27 218
8 170
37 184
25 74
30 196
5 195
29 191
9 51
10 11
15 11
9 168
26 51
11 175
22 38
22 80
7 193
29 188
27 60
10 243
10 30
9 49
27 56
13 59
11 46
15 141
17 74
22 42
11 53
11 44
25 177
6 195
22 40
9 18
32 191
35 191
27 212
19 213
32 172
16 225
22 68
28 186
28 173
37 183
24 156
7 178
19 80
11 55
27 71
21 36
17 77
11 174
32 178
22 39
10 41
8 175
12 151
8 43
75 75
36 186
12 111
30 185
25 49
31 191
36 190
23 83
26 172
11 64
13 241
9 58
12 150
30 189
15 126
11 13
27 181
23 40
8 176
5 194
20 139
31 50
13 149
7 201
12 62
16 142
16 132
9 138
37 182
9 140
28 46
15 236
27 72
8 221
17 230
9 141
13 145
29 208
22 79
16 218
30 190
22 77
29 205
11 49
26 185
11 56
27 50
11 65
12 244
29 187
23 149
5 190
26 52
29 206
20 214
11 45
30 197
10 236
30 50
3 133
2 186
22 78
16 128
18 32
20 82
28 176
11 132
27 219
72 76
12 139
28 170
3 134
13 108
26 75
23 41
13 135
37 188
10 166
2 187
15 10
34 192
13 60
14 232
26 43
36 177
18 70
23 42
22 144
22 67
21 228
15 227
28 171
17 16
26 174
10 163
17 31
15 20
24 44
10 146
8 220
7 177
26 173
16 133
12 136
10 28
12 12
13 148
6 181
8 159
9 139
16 17
11 57
16 232
29 150
10 64
30 169
7 199
19 231
16 126
17 75
15 233
9 13
4 133
22 41
11 169
29 151
16 74
28 50
27 177
30 198
12 110
30 193
25 48
90 72
12 9
11 149
20 81
24 75
8 42
7 196
27 185
24 74
14 11
18 228
15 21
32 176
7 207
33 168
21 217
24 77
9 65
9 178
11 145
10 61
37 189
17 58
25 159
24 43
11 144
27 55
12 109
18 215
3 131
29 43
16 130
27 45
27 73
19 63
27 211
89 73
9 64
12 61
22 81
10 173
18 59
7 208
21 66
9 172
16 12
16 131
23 75
29 50
16 57
11 62
12 11
7 194
22 37
30 184
32 193
10 244
13 242
18 60
24 84
29 47
11 12
10 56
29 200
15 133
11 63
9 20
9 57
30 192
27 67
21 141
21 218
8 223
11 152
89 72
29 174
24 155
15 238
8 172
32 169
37 179
27 44
9 19
9 45
28 43
10 60
17 15
10 58
5 189
25 215
29 46
16 222
26 162
16 221
6 196
23 148
10 42
11 172
14 241
9 137
8 57
27 150
9 44
13 138
16 226
3 191
10 29
15 19
74 75
2 185
26 126
29 189
37 185
8 168
16 219
7 202
13 110
5 198
8 209
16 129
30 151
37 190
11 48
27 62
9 43
14 233
91 72
32 177
28 177
10 43
10 10
14 127
16 220
15 69
20 216
25 129
14 10
15 22
3 130
11 170
33 172
24 83
7 195
30 191
17 30
27 182
27 66
88 72
26 161
24 138
9 21
27 183
9 142
30 168
30 48
24 85
77 74
29 190
23 39
27 184
10 237
25 128
20 34
5 186
13 129
91 73
9 35
16 224
13 147
26 214
25 43
28 174
26 171
8 174
24 40
10 161
34 167
9 66
8 178
10 0
37 187
19 33
30 183
15 73
12 108
10 50
80 74
4 132
32 192
10 55
4 192
26 42
26 78
29 149
31 180
10 167
24 216
27 186
30 46
16 231
12 5
30 147
10 133
27 39
3 132
13 65
9 12
10 174
27 64
30 150
16 69
67 73
25 127
12 2
28 151
7 218
9 59
16 141
79 74
13 107
29 152
8 177
8 58
16 78
11 154
9 52
8 216
33 165
5 187
87 73
28 69
19 69
17 138
16 27
17 76
78 74
25 139
28 181
12 107
28 44
17 79
9 67
9 230
31 195
27 70
30 149
22 83
20 68
26 41
26 76
36 176
31 41
23 84
10 147
24 82
5 188
27 65
26 170
23 147
30 199
81 74
27 175
36 191
5 216
10 66
31 48
9 22
28 178
13 61
26 163
31 151
18 61
7 205
14 242
88 73
16 19
10 168
26 79
25 130
12 64
22 36
29 148
12 149
18 232
28 40
10 49
17 69
12 1
11 66
23 218
10 171
37 178
28 153
14 59
29 202
3 192
27 213
34 173
15 231
23 135
17 217
27 51
18 14
24 154
20 230
12 130
74 76
16 138
93 75
90 73
11 11
29 175
21 35
28 42
8 214
3 188
8 212
7 169
27 54
7 203
22 218
16 223
26 164
92 73
28 152
17 17
27 176
13 146
5 185
26 165
7 170
10 46
29 209
26 169
30 194
29 201
6 197
93 73
13 66
10 162
12 145
12 106
9 136
10 47
8 173
26 218
9 24
13 63
19 64
68 74
16 139
10 158
10 45
27 151
12 63
86 73
10 160
23 76
30 43
10 51
8 55
29 203
23 146
22 143
3 136
29 171
9 23
28 180
3 190
90 71
30 208
64 70
10 48
20 83
20 215
4 193
21 229
92 72
4 191
23 219
85 73
9 238
25 39
28 71
94 75
28 179
10 132
8 215
14 243
19 81
10 157
16 134
25 78
17 29
30 173
14 74
14 136
7 204
18 138
11 3
10 152
26 166
22 219
7 209
27 173
35 192
8 213
13 111
26 77
19 65
26 160
28 45
76 74
76 75
31 197
27 174
28 68
16 20
5 215
26 168
32 50
33 193
3 135
29 186
29 44
31 174
28 70
18 15
32 194
19 214
2 138
14 69
66 74
31 192
27 41
35 174
30 42
11 4
17 229
3 187
2 188
30 153
27 63
25 158
11 131
3 189
27 43
2 137
12 112
12 137
18 31
87 236
16 26
93 74
28 154
12 138
13 69
9 63
5 217
28 41
32 215
9 25
73 76
31 198
27 220
22 217
30 182
24 218
6 198
30 44
28 169
26 167
9 135
8 224
2 135
94 76
9 33
7 217
10 159
66 72
24 139
5 219
25 131
31 152
19 227
15 136
24 39
33 169
5 218
2 139
7 219
9 239
10 155
23 77
27 40
19 137
30 152
9 34
28 59
29 147
21 68
16 233
66 73
9 240
6 217
28 217
14 126
19 12
24 131
27 149
28 210
11 153
38 182
17 18
9 167
28 58
30 146
21 140
11 5
16 11
28 185
32 49
17 127
20 217
23 85
8 56
25 218
29 40
13 70
23 82
14 134
2 136
5 184
38 189
23 137
29 217
10 172
65 70
24 41
10 9
10 156
20 66
30 148
31 45
3 186
12 0
24 42
94 74
18 80
2 184
25 80
9 241
23 38
10 1
16 140
19 138
11 171
15 74
34 168
71 76
32 167
15 230
9 143
10 52
15 239
9 56
20 218
30 207
6 180
9 39
9 163
37 191
18 137
29 153
66 71
15 58
13 4
14 65
13 62
34 165
84 73
38 181
34 166
9 171
30 40
13 136
63 69
67 72
23 79
18 17
12 6
18 30
9 62
33 171
31 169
24 130
24 153
9 32
69 75
15 232
38 184
9 162
28 57
31 154
27 68
6 216
25 126
9 37
17 126
87 72
14 70
15 125
6 223
91 71
86 237
8 211
17 232
31 153
32 157
37 186
15 228
30 47
23 217
10 44
16 137
16 18
13 71
30 167
9 164
31 194
93 72
28 182
10 148
31 179
22 82
38 183
32 166
27 74
16 25
28 183
24 132
19 13
8 41
8 171
3 129
5 183
24 129
73 75
65 71
16 24
6 218
27 135
3 137
31 46
10 62
4 134
19 32
13 11
14 71
28 39
9 236
27 217
9 134
32 156
90 169
9 42
23 78
28 184
67 74
8 167
13 10
12 65
9 232
6 222
16 21
12 8
26 80
34 155
19 68
3 138
16 9
4 131
30 217
32 153
16 77
4 194
24 151
71 75
89 71
32 168
89 74
29 204
28 218
18 119
35 156
9 233
13 137
9 55
15 9
2 189
2 133
9 26
13 243
25 79
33 194
25 42
18 13
12 147
8 15
83 73
22 228
26 39
27 69
2 134
17 14
82 73
29 42
26 138
10 153
23 145
29 185
31 216
31 209
23 36
16 10
28 138
9 11
23 136
28 72
9 235
28 60
19 11
13 12
24 148
32 154
11 10
27 134
14 72
29 169
93 76
70 75
14 60
28 150
34 156
20 138
29 170
16 234
10 63
8 16
24 152
21 219
8 228
7 175
18 62
27 53
31 193
9 38
26 139
17 131
25 81
26 137
19 82
67 75
20 227
31 145
86 238
10 57
26 40
32 41
32 155
13 9
73 77
18 216
33 170
6 215
23 134
21 84
8 227
34 193
85 239
8 160
9 234
13 67
7 176
9 231
9 242
21 67
3 193
12 148
9 36
87 237
28 219
75 76
36 175
30 45
9 27
9 165
25 85
23 37
24 78
28 135
29 154
90 168
7 171
19 215
25 137
32 216
20 8
19 10
17 132
16 237
9 60
14 73
28 122
7 220
72 77
4 190
22 84
9 237
27 42
9 144
29 144
86 72
14 66
27 172
18 118
28 136
31 196
7 173
18 68
5 182
6 219
70 77
31 175
17 12
27 152
25 40
16 230
13 128
23 138
26 222
28 123
13 112
24 86
24 38
21 139
7 174
28 137
24 150
5 220
31 146
8 210
9 160
17 28
10 54
22 227
38 180
18 18
14 64
68 76
13 6
13 5
18 227
19 66
31 199
5 222
31 161
9 30
38 188
22 35
5 221
30 41
25 132
87 235
8 229
25 157
28 51
27 168
13 106
17 228
8 139
31 208
25 219
9 31
29 39
94 77
82 74
27 52
34 169
31 155
37 177
26 127
9 40
8 140
20 9
20 33
10 131
28 38
93 97
24 128
32 158
5 199
27 133
24 149
17 59
31 40
30 51
13 3
32 195
31 147
27 153
81 73
22 142
62 69
16 235
2 130
14 7
83 74
14 68
25 84
9 155
9 159
12 105
7 216
14 67
29 143
31 150
30 200
14 6
29 136
8 141
17 233
8 226
2 132
34 195
22 133
33 154
32 152
30 181
7 172
68 75
16 136
5 214
86 74
31 143
16 227
38 190
92 71
27 126
2 131
29 146
16 125
33 164
64 69
30 154
34 172
14 9
15 229
28 56
11 151
85 75
29 45
85 238
10 154
8 17
23 131
29 145
32 198
70 76
27 137
88 71
26 221
22 132
28 61
32 165
16 8
75 74
31 217
24 137
8 225
28 131
16 75
21 2
21 239
74 77
1 186
17 13
30 218
7 221
7 168
19 234
32 197
11 150
10 2
10 53
90 74
3 185
4 189
20 84
29 41
16 22
25 86
29 38
26 159
19 31
29 184
8 138
94 73
6 221
35 196
86 236
63 70
17 218
1 183
16 23
23 133
32 214
31 44
15 78
4 187
21 3
22 141
69 74
36 157
24 81
9 161
94 97
15 67
68 73
25 223
17 68
27 169
77 75
93 96
8 18
27 122
21 1
26 219
72 75
2 129
79 75
20 219
6 224
33 153
20 7
22 130
12 146
31 47
26 125
21 34
25 138
34 194
10 151
10 149
15 240
14 125
31 162
26 133
25 140
24 135
37 192
5 177
27 121
78 75
69 76
29 68
20 137
9 133
31 51
27 136
18 132
76 76
33 155
26 215
20 10
17 118
2 176
2 175
6 179
19 14
32 48
2 183
32 159
35 157
27 170
85 72
92 74
29 69
1 187
75 77
38 187
7 222
38 191
29 218
71 77
31 42
26 132
27 127
3 174
23 80
6 214
32 162
5 133
22 131
27 171
11 6
11 111
17 80
15 68
64 71
28 73
9 243
29 135
4 195
18 131
14 117
28 216
11 130
21 4
18 67
65 72
23 130
88 74
29 176
35 117
31 43
39 189
66 75
8 59
27 118
29 181
68 77
33 195
32 199
23 144
88 235
57 68
21 6
17 137
28 145
58 68
16 135
11 106
65 73
4 182
32 142
3 194
17 224
6 206
24 147
12 129
15 134
80 75
27 38
33 47
35 195
29 155
23 227
17 128
20 67
4 196
17 225
34 47
32 46
32 161
27 138
31 148
24 217
19 235
27 221
23 226
6 178
5 223
31 142
31 178
18 136
29 182
38 185
34 164
15 75
31 215
33 196
26 124
28 121
33 215
4 197
35 173
20 32
8 14
16 79
81 75
28 144
30 68
33 48
31 160
57 69
35 118
21 7
30 136
31 167
94 78
30 206
13 105
29 137
10 130
16 67
26 140
21 243
30 67
32 45
28 55
29 183
21 242
4 186
25 225
27 117
38 192
20 231
18 16
19 67
17 130
32 144
3 184
26 134
26 145
28 62
21 5
21 32
26 223
24 127
4 188
24 134
30 143
6 134
14 5
34 48
30 216
34 154
26 217
89 75
35 116
30 142
11 110
32 208
33 156
36 192
6 220
85 74
18 120
33 49
34 196
22 243
5 178
29 210
90 70
24 80
1 184
37 160
28 139
33 197
25 224
25 83
25 216
32 42
3 173
29 118
30 205
52 73
25 41
6 135
19 83
26 150
29 167
18 29
28 120
27 75
88 75
31 144
24 225
30 209
93 71
29 141
92 82
32 196
20 11
85 221
26 131
9 145
26 129
39 188
21 227
30 137
29 142
31 119
5 225
15 4
27 214
14 135
27 123
87 74
13 68
29 70
22 129
11 9
28 211
32 51
36 156
16 5
51 73
87 71
49 72
67 71
8 137
83 241
24 136
19 16
23 220
19 136
35 155
33 208
28 128
36 160
24 37
27 77
91 81
31 141
29 119
34 118
18 6
92 75
24 126
34 157
26 123
92 81
33 146
15 117
59 215
32 143
23 132
17 133
30 204
28 117
91 70
4 184
16 4
26 81
17 119
8 230
32 209
8 13
6 175
8 231
27 129
31 207
59 147
31 67
27 131
56 69
21 138
4 177
22 0
29 138
33 46
21 129
27 148
81 222
30 102
34 197
19 119
27 161
26 149
29 168
2 173
31 159
29 51
84 74
35 197
18 7
76 141
32 43
26 128
53 70
33 162
27 119
24 219
33 216
91 74
18 69
52 72
4 183
31 156
43 16
30 141
84 72
21 0
19 120
39 191
9 154
26 220
6 177
56 142
84 239
17 19
12 7
22 128
23 35
28 119
28 130
34 50
61 69
26 136
44 56
34 119
33 42
22 229
27 125
89 70
35 158
35 193
85 222
33 198
17 67
15 76
30 145
27 139
88 237
25 125
16 76
31 132
19 232
2 190
57 147
6 205
28 67
39 192
20 31
55 70
56 68
16 68
88 236
60 217
71 78
44 55
4 178
11 112
28 52
86 221
32 66
14 109
3 195
32 160
31 137
9 166
19 30
43 55
5 213
34 198
14 63
34 212
28 134
26 38
34 49
36 161
20 120
20 119
44 54
59 216
77 141
36 167
21 240
29 166
76 142
84 241
27 130
31 168
89 168
74 74
50 73
34 42
23 143
36 197
54 70
29 132
18 117
30 159
22 136
5 181
32 47
93 77
29 133
36 116
32 201
88 70
43 56
21 241
31 206
32 65
81 221
33 138
84 238
29 216
62 70
30 155
25 217
35 169
35 167
31 136
33 214
15 59
34 146
59 68
9 29
31 120
30 202
13 7
30 38
83 240
52 201
13 127
40 204
5 180
28 146
85 220
34 207
6 199
24 226
34 162
10 8
33 212
29 116
78 73
61 68
22 127
23 139
24 140
8 161
9 41
32 141
20 236
30 140
54 71
30 160
34 211
91 80
92 80
43 51
23 86
51 148
30 144
19 15
11 109
30 135
87 75
37 161
17 129
91 82
2 174
59 214
29 139
33 213
31 210
32 124
58 142
32 203
34 213
59 146
34 153
53 71
52 148
27 167
31 176
37 110
22 139
36 174
14 116
25 124
24 133
9 132
27 128
19 216
36 196
6 176
22 2
38 195
46 59
25 38
21 119
9 28
49 71
31 204
30 39
27 124
23 140
30 132
33 50
32 145
29 121
30 175
31 68
30 174
33 45
82 221
77 76
29 71
24 220
37 163
19 118
10 67
84 240
61 220
32 202
55 69
39 186
23 127
26 148
35 160
47 60
17 116
33 41
25 133
28 53
26 151
17 117
57 142
33 163
20 235
54 128
32 146
53 72
80 73
38 179
60 216
11 67
21 115
43 54
30 158
7 223
36 158
27 78
19 236
35 200
40 189
21 117
82 242
58 69
60 68
77 73
35 166
86 75
36 168
36 202
82 75
58 190
31 203
33 157
20 118
21 116
62 198
31 66
17 136
19 117
20 115
34 210
25 156
82 222
86 71
22 120
22 119
22 138
22 137
22 118
22 140
21 137
21 136
21 135
21 134
21 132
21 133
22 135
22 134
84 71
83 242
84 222
84 220
85 71
85 240
22 124
22 121
31 214
22 126
82 240
29 37
82 241
83 72
21 131
22 125
26 37
26 153
26 152
24 146
24 144
24 145
24 142
24 143
24 141
24 125
26 154
26 157
26 158
32 212
32 213
32 217
19 133
27 140
19 134
19 135
27 37
27 160
85 241
84 221
21 130
86 239
86 220
86 222
18 129
18 130
18 133
19 132
22 122
22 123
19 131
19 130
19 121
19 127
19 116
20 117
20 116
23 141
20 121
20 127
20 126
20 122
23 142
28 140
35 210
19 129
19 128
27 165
27 164
27 162
27 163
28 65
28 64
28 63
28 37
18 128
18 127
33 139
15 121
17 120
25 150
25 149
25 148
25 147
25 146
25 145
25 144
25 143
33 217
33 211
33 210
33 209
35 211
20 129
24 124
21 33
21 118
21 120
21 121
21 122
21 123
21 125
20 128
20 134
20 133
20 132
20 131
23 129
20 136
20 135
20 130
25 155
25 154
25 153
25 152
25 151
23 125
21 128
21 127
21 126
16 119
25 37
25 123
25 141
25 142
15 120
23 126
34 214
17 135
17 134
16 120
16 121
79 73
23 128
81 223
81 220
81 72
80 239
82 220
81 240
82 72
